0 35
0 7
0 45
0 38
1 2
1 36
1 43
1 50
1 46
1 34
1 45
1 29
1 6
1 37
1 19
1 5
1 42
1 39
1 21
1 30
1 12
1 7
1 53
1 23
1 31
1 20
1 10
1 11
2 36
2 43
2 1
2 11
2 27
2 5
2 35
2 20
2 42
2 7
2 23
2 13
2 39
2 45
2 29
2 34
2 21
2 53
2 31
3 11
3 46
3 30
3 47
3 34
3 6
3 37
3 42
3 53
3 7
3 45
3 29
3 21
3 19
3 4
3 50
3 15
4 8
4 10
4 24
4 47
4 35
4 52
4 13
4 46
4 19
4 31
4 37
4 50
4 3
4 15
5 47
5 1
5 50
5 51
5 32
5 2
5 36
5 20
5 46
5 42
5 7
5 6
5 45
5 23
6 15
6 21
6 29
6 27
6 47
6 20
6 42
6 11
6 32
6 17
6 53
6 7
6 46
6 19
6 49
6 54
6 23
6 45
6 39
6 34
6 28
7 2
7 15
7 13
7 33
7 23
7 45
7 34
7 21
7 29
7 47
7 12
7 32
7 14
7 5
7 19
7 48
7 8
7 17
7 1
7 46
7 25
7 42
7 54
7 39
7 6
7 28
8 24
8 27
8 13
9 38
9 32
9 17
9 49
9 33
9 13
9 41
9 44
9 11
9 24
9 47
10 13
10 52
10 24
10 11
10 35
10 20
10 32
10 23
10 21
10 34
10 8
10 30
10 41
11 27
11 47
11 24
11 10
11 13
11 22
11 1
11 9
12 47
12 7
12 23
12 13
12 25
12 41
12 14
12 20
12 33
12 32
13 24
13 35
13 41
13 23
13 9
13 12
13 7
13 40
13 25
13 22
13 11
13 47
14 35
14 13
14 25
14 47
14 44
14 41
14 33
14 20
14 7
14 9
14 23
14 34
14 45
15 48
15 47
15 35
15 7
15 5
15 32
15 46
15 44
15 8
15 50
15 4
15 34
15 45
15 29
15 43
15 21
15 37
15 19
15 3
16 35
16 7
16 1
16 51
16 21
16 19
16 47
16 45
16 33
16 5
16 46
16 6
16 30
16 34
17 7
17 38
17 32
17 9
17 49
17 33
17 35
17 47
17 34
17 1
17 23
17 14
17 20
18 27
18 35
19 11
19 47
19 8
19 4
19 1
19 51
19 46
19 48
19 15
19 5
19 7
19 45
19 23
19 33
19 34
19 21
19 39
19 42
19 37
19 50
19 3
20 11
20 47
20 27
20 31
20 32
20 39
20 42
20 16
20 6
20 50
20 23
20 34
20 29
20 7
20 9
20 21
20 43
20 2
20 36
20 1
20 53
21 34
21 1
21 2
21 15
21 7
21 29
21 53
21 20
21 43
21 47
21 50
21 5
21 17
21 35
21 54
21 23
21 45
21 39
21 42
21 6
21 28
22 52
22 25
22 40
22 13
22 8
22 39
22 1
22 36
22 24
23 2
23 31
23 27
23 20
23 14
23 32
23 17
23 13
23 5
23 44
23 42
23 6
23 1
23 50
23 9
23 39
23 12
23 7
23 0
23 11
23 25
23 43
23 36
23 53
23 47
23 54
23 45
23 34
23 21
23 29
23 28
24 10
24 44
24 8
24 27
24 11
24 9
24 13
24 47
25 14
25 20
25 10
25 32
25 38
25 17
25 13
25 44
25 21
25 7
25 45
25 37
26 47
26 34
26 46
26 7
27 35
27 30
27 8
27 44
27 24
27 13
27 52
27 12
27 41
27 32
27 47
27 28
27 23
27 20
27 7
27 45
27 39
27 42
27 34
27 6
27 53
27 21
27 29
27 5
27 31
27 11
28 47
28 23
28 7
28 45
28 39
28 42
28 34
28 21
28 6
28 29
28 26
28 54
29 1
29 2
29 15
29 13
29 7
29 45
29 34
29 6
29 21
29 20
29 12
29 36
29 19
29 50
29 37
29 49
29 9
29 46
29 53
29 47
29 54
29 28
29 23
29 39
29 42
30 11
30 35
30 2
30 47
30 16
30 23
30 5
30 17
30 42
30 7
30 45
30 34
30 29
30 6
30 21
30 39
31 47
31 23
31 25
31 20
31 4
31 7
31 43
31 2
31 36
31 1
31 53
31 44
32 38
32 9
32 17
32 49
32 33
32 47
32 20
32 23
32 13
32 42
32 39
32 6
32 7
32 12
32 1
32 45
32 15
32 34
32 29
32 24
32 11
33 45
33 7
33 13
33 32
33 47
33 42
33 34
33 14
33 41
33 17
33 12
33 38
33 2
33 44
33 6
34 21
34 2
34 15
34 45
34 29
34 47
34 1
34 32
34 7
34 31
34 9
34 38
34 41
34 19
34 3
34 17
34 50
34 54
34 22
34 13
34 24
34 23
34 39
34 42
34 6
34 28
35 7
35 17
35 44
35 27
35 47
35 32
35 52
35 10
35 2
35 46
35 30
35 0
35 53
35 13
35 23
35 6
35 39
35 24
36 2
36 43
36 1
36 47
36 6
36 53
36 23
36 31
36 20
37 46
37 9
37 17
37 47
37 7
37 45
37 34
37 29
37 12
37 19
37 4
37 50
37 3
37 15
38 32
38 9
38 17
38 49
38 33
38 52
38 53
38 23
39 2
39 1
39 15
39 45
39 25
39 13
39 30
39 3
39 19
39 12
39 51
39 54
39 47
39 23
39 7
39 42
39 34
39 21
39 6
39 29
39 28
40 35
40 13
40 10
40 44
40 32
40 49
40 15
40 12
40 41
41 47
41 7
41 23
41 13
41 40
41 14
41 10
41 17
41 12
41 32
41 11
41 5
41 33
41 45
41 42
41 34
41 43
41 29
41 6
42 2
42 1
42 15
42 48
42 7
42 47
42 23
42 32
42 20
42 3
42 46
42 5
42 19
42 45
42 28
42 54
42 39
42 34
42 21
42 6
42 29
43 11
43 20
43 32
43 17
43 50
43 15
43 53
43 7
43 45
43 23
43 34
43 21
43 29
43 6
43 54
43 2
43 36
43 1
43 31
44 27
44 10
44 24
44 46
44 9
44 49
44 32
44 30
44 5
44 23
44 47
44 35
45 1
45 15
45 33
45 7
45 34
45 29
45 2
45 31
45 12
45 23
45 47
45 32
45 13
45 54
45 39
45 42
45 21
45 6
45 28
46 11
46 32
46 37
46 3
46 34
46 15
46 50
46 31
46 51
46 19
46 8
46 4
46 7
46 44
46 47
47 17
47 7
47 44
47 27
47 18
47 2
47 35
47 30
47 23
47 20
47 32
47 39
47 31
47 6
47 1
47 12
47 36
47 15
47 45
47 34
47 29
47 5
47 46
47 21
47 42
47 9
47 49
47 53
47 54
47 11
47 43
47 28
48 47
48 33
48 32
48 34
48 7
48 19
48 29
48 6
48 23
48 46
48 54
48 15
49 25
49 44
49 17
49 32
49 38
49 9
49 33
49 47
49 13
49 34
49 29
49 6
50 11
50 5
50 51
50 4
50 1
50 22
50 47
50 13
50 45
50 10
50 46
50 37
50 19
50 3
50 15
51 1
51 50
51 22
51 34
51 29
51 45
51 7
51 5
52 27
52 35
52 8
52 50
52 46
52 0
52 32
52 38
52 13
52 47
52 4
52 22
52 23
52 44
53 47
53 32
53 13
53 43
53 29
53 12
53 21
53 6
53 34
53 2
53 49
53 22
53 36
53 1
53 23
53 31
53 20
54 47
54 27
54 28
54 7
54 45
54 42
54 39
54 2
54 1
54 23
54 34
54 21
54 6
54 29
54 9